ghfg
Fri Jul  7 09:57:47 2017
1499417867.3221276
Rate 2.0
Time(s) - Displacement(mm) - Voltage(mV)

*** Recompacted ***
Recieved calibration line: y = 0.5625 x + 1.6875
0.2938 1.1557205807950495 5
5.3559 1.242509786843896 2
10.3812 0.7596942672130526 2
15.5294 0.9875979944151096 5
20.6774 0.9858221731658323 1
25.8257 0.8407792345410485 8
30.9731 0.7825644615085809 9
36.1213 0.8835489615026915 2
41.2693 0.7894115811861737 8
46.4168 1.0083731631564632 4
51.5647 0.968744133864149 8
56.7126 0.7982679414252284 1

*** Natural ***
Recieved calibration line: y = -0.0625 x + 6.0625
0.294 2.828899416528001 6
5.3565 2.8347774742698393 2
10.3818 3.0732889924597275 4
15.5301 3.021180678219038 9
20.6781 3.2345438560750486 5
25.8264 2.9363976000565537 7
30.9738 3.037291697585861 3
36.122 3.1758147897613758 4
41.27 3.296344760389696 0
46.4174 3.215069847924646 10
51.5653 2.8785720864781377 8
56.7133 2.8403759067821466 10

*** Sensor 3 ***
Recieved calibration line: y = 1.0625 x + 1.1875
0.2942 5.142204465147598 0
5.3569 4.843300407128095 0
10.3821 5.22118033137833 3
15.5304 5.225510627338699 1
20.6785 5.298969011229406 10
25.8267 4.722552815379315 6
30.9741 5.1296418043713965 8
36.1224 5.26680360166619 10
41.2704 4.96567838155479 5
46.4178 5.2319804474232665 4
51.5657 4.87692500477063 3
56.7136 5.265605034893013 10

*** Sensor 99 ***
Recieved calibration line: y = 0.1875 x + 4.3125
0.2943 6.8291929199440595 5
5.3572 7.142647558019394 6
10.3824 6.852862754798907 2
15.5308 6.755892508124755 9
20.6788 7.061205795283764 10
25.827 6.980470281478979 9
30.9745 6.874627354257923 5
36.1227 7.18608251628119 9
41.2707 6.768992948766124 1
46.4181 6.9141169318795495 10
51.566 7.287948521969553 3
56.7139 7.266847033871829 1
