tname
Sun Jul  9 10:05:08 2017
1499591108.9225945
Rate 2.0
Time(s) - Displacement(mm) - Voltage(mV)

*** 1 ***
Recieved calibration line: y = 1 x + 1
0.3736 0.9832098532263436 6
0.4194 1.0312836560418548 3
0.7908 1.2960544116756656 9
1.3616 0.7216009093842002 5
1.8108 1.1527035537282153 8
2.5861 1.1367160749142426 2
2.9475 0.9050941015692072 9
3.5041 0.9115351132853445 2
3.8666 1.0732959860728428 4
4.5379 0.954378163881656 3
5.0596 1.081035370322532 6
6.1128 0.853888280067903 3

*** 2 ***
Recieved calibration line: y = 2 x + 2
0.374 3.2876045585181926 6
0.4204 3.172659822157282 4
0.7919 2.787044347880441 10
1.3627 2.8622576903699044 2
1.8118 3.267757983993462 4
2.5872 3.018763639419854 5
2.9488 2.7655897161937615 4
3.5053 2.89896885806233 2
3.8678 2.8421952166945363 4
4.5389 2.800811057963031 10
5.0609 3.2643548563331652 8
6.1138 3.147195808155201 5

*** 4 ***
Recieved calibration line: y = 3 x + 4
0.3741 4.890018065790123 8
0.4208 4.996514803805722 2
0.7923 5.235744289847471 2
1.3636 5.275182448042873 9
1.8123 5.092131488701335 10
2.5876 5.251127377558657 3
2.9493 5.274017298553106 0
3.5059 5.249500348609131 7
3.8684 4.912283485298319 3
4.5394 4.923003766102078 7
5.0615 4.869926351285616 1
6.1143 4.834112397085947 8

*** 8 ***
Recieved calibration line: y = 2 x + 2
0.3743 6.885137262048695 10
0.4211 7.123007938339741 8
0.7927 7.063727390855279 8
1.3641 7.229870018547822 7
1.8127 7.170102840922148 7
2.588 6.70851303861118 3
2.9503 7.045268006148377 1
3.5063 6.9295676121327485 8
3.8689 7.039572772082288 2
4.5397 7.262643985965015 9
5.0619 7.036380579714056 9
6.1146 6.758202908224687 5
